2134
12789
14881
58229
13226
31622
57535
56213
7282
63997
21556
64130
59773
64637
13352
31258
54159
44517
54284
57967
2721
41584
56338
47309
12520
11744
12461
41785
39539
54813
4646
41674
2067
19527
34367
15293
51149
26366
5971
58432
24827
27527
57026
19064
26628
4842
50323
15251
49359
39071
7682
52080
15119
64020
33853
27640
10229
46315
3889
49768
35592
8535
25906
37659
28062
60273
52953
13675
21104
58924
6571
45931
20915
63597
64996
47543
2903
49783
62794
52263
23318
4940
38807
38438
3425
7125
542
13654
53440
4431
63422
23496
12966
23793
61156
41028
18530
48573
54703
39634
41961
61275
20030
62876
59336
19490
44883
62240
3737
42141
48967
27055
47081
22238
65493
50506
29363
499
64160
17267
4930
62047
40764
17896
20304
36384
58924
38834
19421
48092
12933
61382
43831
32963
58722
37631
52453
38069
34335
56190
14674
17766
17709
61755
40005
17667
46726
3832
18166
45350
21100
23097
41861
61864
40993
62165
32712
34382
35464
52133
16938
48397
47979
60769
15824
41165
32864
2741
13698
1664
58931
28372
19430
11104
24591
59435
28771
5781
63268
46938
51132
18832
4499
27457
15160
45492
24087
47872
14338
59551
34469
31276
42412
16912
26509
58236
58077
59374
60977
6239
61038
54372
34611
14932
65476
59202
8832
28712
64984
6564
10114
50580
25396
14613
12501
40556
60105
36588
22892
8908
30603
57361
40184
7479
8737
1158
179
1278
60532
61156
7517
56034
49992
42128
5430
49933
35794
14262
13109
35242
20826
23223
20286
46222
37836
32788
21242
32405
3840
44134
41313
34444
35959
15962
41923
44696
17120
42103
45974
12116
37723
53491
2614
22180
30083
8044
6577
342
22307
19686
35584
43133
42909
55871
23820
15209
23123
45062
47614
26963
23661
23392
61407
59620
39354
37795
38781
56474
14362
19219
3054
52085
7175
5668
8729
37258
13712
15306
37600
36019
34992
7649
13617
12365
63520
37437
27574
21107
16963
9653
48070
40624
33045
43942
34709
6863
16201
7954
63337
30563
27173
855
17112
34348
6523
25842
6071
20235
41148
43671
56255
10605
51320
4336
22970
49304
41773
50545
4875
58736
60198
52946
33825
27707
31352
2998
34570
47553
10952
32371
12580
38125
33226
29692
6938
39749
55534
13009
59984
31147
56680
50703
41752
42465
55039
64722
26233
31276
49731
31109
24477
44393
18519
58302
6564
49871
61300
41134
31888
6716
7969
44468
44841
41195
8624
51779
15408
64159
64788
9857
29770
55933
60560
5986
32862
50064
5172
59095
15804
54904
24668
40281
33761
43187
33047
40326
27522
28811
15924
59410
35527
23894
38342
14833
65089
46967
1076
14962
45590
329
24819
9824
56262
19843
15810
23588
4371
20982
17147
20176
10350
41816
60457
44112
19467
27969
18902
46990
56780
34826
40864
26772
58720
13671
41605
58274
60638
42681
7700
40692
43010
32519
50516
33736
52362
790
57324
56734
21772
8936
11374
32123
50752
6295
10699
4683
34264
29601
51673
25509
64427
27002
52281
57612
40673
28350
50350
35775
5495
58050
10931
48506
25033
61447
16706
11859
62237
8495
3057
18473
17431
14431
50596
2647
20727
61295
7330
54991
25360
59004
14964
24252
20470
1709
16328
61143
30059
1142
31382
35555
59192
42313
18525
18689
38224
35231
30548
34925
43726
33606
53398
61157
48037
38459
63804
3228
34218
5599
58220
59579
64603
7648
18295
19537
9358
34623
15144
39417
35765
46526
9436
29421
23303
27961
48110
61527
63193
13122
30916
41383
46728
18778
37005
29230
57237
35273
32458
25920
40872
25142
19963
39939
32791
38258
59476
42149
7345
9084
16030
43110
55610
25467
6995
13377
53428
55105
9368
51085
2691
40284
26933
49420
59063
63938
13114
50764
33675
45572
11148
9012
5179
31111
48951
37970
3833
42892
14583
11178
51976
30613
54288
42051
56080
61283
55428
43973
50852
64797
29522
53544
39545
56455
37428
33072
54857
50542
18301
22997
30578
29449
32009
35757
60561
15424
8191
64394
58316
22774
10037
44757
53388
64325
21272
43932
60073
11164
22369
45389
10425
51892
33397
49971
42811
5289
17507
32133
55831
35808
55130
20874
65258
21603
56631
60283
37027
64823
59141
29808
22061
3642
9029
9913
2432
30301
53846
62505
41465
10679
42358
51891
62571
10220
36326
39847
15509
53833
6444
5805
24106
61574
26679
23828
17641
17774
18575
54668
17061
12180
18940
39123
15823
27969
49036
18255
58270
37346
15224
34200
48026
57582
20555
45061
2266
56881
19372
17776
45178
25816
23581
3748
21854
50260
27576
39495
2498
46151
28628
19560
58332
47568
58683
8619
10002
42183
26874
2736
13994
42098
36936
62020
34144
57491
41545
36411
48836
60918
54187
28479
21198
12232
32227
43053
62492
59804
17012
64990
40419
45640
19014
33215
27673
12161
41834
37675
54345
3172
40411
2803
45270
11812
64823
13879
3767
40832
50290
52604
36214
38941
15547
57413
51173
47774
34930
48129
42042
51942
47583
16926
32047
1062
50141
59720
13223
26440
31859
2032
29612
6734
4835
9347
18546
4122
23226
22314
44955
7980
9382
15633
46921
24929
7510
32558
7167
42440
15151
49210
28847
62734
600
60894
63796
50741
55078
11484
11645
21401
13516
41258
28135
18352
50605
46682
22474
8295
3460
1893
16275
12842
17527
63196
37771
25037
30218
44938
1942
45369
28612
30789
42567
29212
26147
40828
14418
15689
52312
26063
37090
292
1785
65225
18644
52390
46371
41119
60685
49831
43012
11424
62673
60539
9084
34908
20041
39302
14311
21983
19135
42923
52772
61703
6600
13383
36995
21018
29072
23771
47081
626
24063
48867
315
42708
35721
46687
18291
30871
30982
61303
42295
28120
56307
51380
63028
10812
25146
11803
32795
44282
54727
20031
40449
61327
33414
11908
16809
62486
35679
63890
63112
59742
47221
63427
36914
17407
44578
55205
48278
10025
50973
25037
38145
41744
10881
35637
52556
36028
47441
19815
14774
36632
39846
55223
32423
7724
1595
49232
4674
37274
47586
2250
31480
29272
141
2859
46679
44720
58064
29421
54745
43501
54458
27354
19709
65340
62991
6729
35832
44896
26544
50606
15992
854
40293
48415
8578
41888
32111
13252
13626
14162
15502
45106
43434
15644
47965
24577
60364
40494
53998
49573
18459
42920
11391
38169
42724
8846
44898
13020
53743
5907
63626
4199
6761
38383
52615
15340
14735
19190
28592
28361
33352
44095
7932
11250
59739
55897
35827
54567
30855
24289
38604
49315
1674
49995
21948
44398
58841
1310
57419
47048
7217
55509
51248
13979
28357
38327
29319
43092
57517
57911
5918
25334
36470
13850
36584
30673
4211
6876
19704
35067
31165
58308
18846
32839
42767
40794
11702
36073
42104
3585
17585
49322
59094
3297
63301
21915
41624
27084
65008
33606
19459
5390
58940
55930
19240
29988
21067
23451
36864
40772
58518
2494
33544
11828
35333
10776
52622
47035
46849
29191
50620
64434
12977
44179
2196
10742
558
43820
37826
30
11890
57285
5420
5294
47679
24660
35283
3211
48112
6611
43983
41094
9105
11991
52923
44439
22767
40009
25938
4080
3664
11023
2979
16641
55202
5175
27383
55760
48995
65209
55791
60886
56959
61211
644
39102
20336
35927
42313
2912
42539
20760
44006
51644
32752
31393
30547
55519
5867
56486
59600
9531
1973
62579
26173
57175
2218
53556
47399
51213
53230
37654
46563
44653
33330
47208
18219
53666
17599
60533
56578
60138
15757
35048
46247
48509
906
11258
38493
6773
2208
32557
16304
4181
29600
42477
61356
31818
30498
43220
17495
18192
15338
64059
62845
48668
45731
15528
36798
63330
10525
27840
57933
26283
62889
38644
9256
63795
49902
47749
5032
52111
14770
21336
56292
44370
63814
52113
10652
28776
29797
28148
46968
45135
26671
44277
28268
6866
59805
65066
4660
4795
27371
62593
31078
24724
35701
40334
22983
20068
22548
28015
6643
37318
49351
62935
16153
47629
49512
26805
10869
13773
54953
57837
58909
16088
36578
21641
22954
30848
21171
27615
35643
48542
24672
1185
7730
60374
41519
30713
14906
64067
58728
21549
35850
42544
18948
52003
24637
2925
13272
35507
16698
2690
27808
10071
18778
64387
31712
41733
29699
52884
3812
65342
35890
28484
991
43621
23322
42510
8798
38228
41042
1991
59777
11356
44535
13190
63359
3636
16115
11095
39143
32813
13785
1416
42885
32564
267
9061
8761
29966
61945
12573
29772
32300
41057
30763
10385
64380
7737
19183
37072
48779
21174
31314
60135
173
44504
57958
3810
60619
3518
42953
27896
17303
44369
5245
49867
44636
14307
58628
9066
10716
5665
38838
43016
46723
4065
53401
45567
11803
7049
17103
60582
28223
48417
55182
28397
27385
47604
32207
22468
51122
9624
50365
2890
53994
55610
52757
33094
4381
45850
42161
15098
51515
15463
58114
32702
19529
45980
12733
31332
53029
29837
26378
15716
12718
16024
44113
40104
63629
10784
62572
49215
20409
47401
52105
8867
37476
39327
41961
41857
19641
18586
56955
5620
34050
49534
38323
53579
29978
51056
19375
17471
15357
45753
33187
28076
61778
11765
2644
59871
22549
65216
43550
42958
47082
30120
51825
19022
3911
28251
60879
23552
46837
52299
29172
15351
36297
1959
3394
739
53016
22769
18210
2837
2987
51397
30913
64765
63162
33557
59100
20176
33238
37114
63134
14784
1698
49424
33806
5609
12139
29149
29161
58976
15912
58334
8792
52209
60293
12186
52948
47773
34956
5622
50611
37943
57020
15988
37172
54646
49546
30736
9286
17248
2314
6885
32032
4013
56309
302
9622
2912
29451
38784
61888
45364
31582
5144
32037
26339
17331
19450
8577
52287
25072
59188
24694
16556
9640
61866
5667
59186
27066
14953
10898
29380
21838
42930
33393
12611
43232
43016
15523
7148
16264
11876
52512
47846
17020
19013
8649
34351
38463
17226
21102
63536
10878
45796
14556
20519
42126
20223
14169
3656
35177
25068
33037
57015
2462
894
4091
45695
43910
19614
52843
60174
31490
39819
42484
48511
58832
51134
17326
31760
2824
38429
29760
13703
18689
44316
34222
60816
64540
48391
64472
34181
7923
31973
25660
10386
32868
29751
56081
11242
49366
43388
5881
15320
17671
48365
63831
10967
33963
15622
42727
36788
54051
6951
50491
7204
51268
19177
2484
50272
2032
1421
18917
9956
33394
44577
20342
726
8793
10887
11969
58159
54275
17850
7943
6410
679
6239
17377
34643
21861
60105
5895
10376
1520
56386
17580
52788
10027
20065
37524
12059
21486
56441
22015
54880
35483
42357
55607
44276
53244
2040
36899
41983
19890
44842
48393
20569
51081
235
55212
7406
60340
61107
17782
61860
51957
35363
49113
61984
55428
21101
8508
11378
12007
30523
722
47490
7345
56329
26230
60589
58369
63129
37037
12723
42435
19894
33293
27981
20129
22969
35387
14933
18541
53170
11258
4962
22997
60371
1411
12889
15936
9919
24267
27943
40442
24989
9897
47787
15783
36127
42841
8616
33720
14342
21340
10620
34236
54633
38601
54366
12066
8452
3763
30607
61622
15021
35570
19083
9856
36981
31972
25793
46900
56239
53736
21806
15693
63634
4058
31476
34225
46899
40092
2410
61241
61432
13030
29941
50529
51631
18771
62596
60083
22535
27667
56170
37556
63237
9717
47413
34682
41690
7670
16046
32393
61406
37853
48086
59504
41911
14026
28194
23274
54119
30604
18979
50015
43634
48920
35009
29729
2156
32069
24276
24691
59736
14910
62247
57438
24628
44124
26584
782
51794
42631
33175
47665
14948
15726
41633
56859
29752
4291
14597
18335
34895
33576
2815
12993
16960
37824
42722
19116
4357
1463
43807
64093
16373
40519
55995
41001
19107
17044
41783
5366
59675
9423
53031
9087
25149
29128
410
54901
33420
15007
7701
2779
48583
10516
15773
7
48340
58495
19124
52697
59958
62931
51254
10796
37914
41714
51797
57022
58758
28045
62388
52897
37468
49883
61984
62617
13475
62394
51982
46895
11865
59683
49675
60448
4663
65448
60455
53003
58407
14043
40164
52830
11439
25883
63626
49353
2061
49887
40839
60819
12396
37691
48180
49864
22038
44628
46945
35514
41486
33392
16873
53351
27539
1012
48263
32203
924
43182
19670
59332
57226
59835
46626
3129
20182
44716
52482
22243
29067
27786
17526
41464
65477
170
25792
21980
44798
7202
57494
20748
40594
8831
8563
2597
9844
56826
34800
10768
34472
54471
4564
26162
48770
51190
29291
3416
30370
16238
25659
59438
44024
43185
35366
43965
43355
61158
409
22617
2824
57903
43365
43418
1199
51928
46016
11043
43218
15280
21811
12154
4215
26376
38317
52985
12030
2072
56401
42401
18310
16524
36303
62334
59709
6133
40764
37528
1755
41173
60145
4580
33541
37974
47998
34740
24366
28478
45783
2048
43759
2058
14203
47974
28434
52520
35424
40465
